"mGeneSym"	"BC_E_1"	"BC_E_2"	"BC_EP_1"	"BC_EP_2"	"LP_E_1"	"LP_E_2"	"LP_EP_1"	"LP_EP_2"	"LM_E_1"	"LM_E_2"	"LM_EP_1"	"LM_EP_2"
"Abcb10"	0	0	0	0	1557708.185	1013751.551	4221663.424	5882079.059	1235620.794	802389.8382	2127015.22	3010426.277
"Abcg2"	0	0	2163990.775	1048501.9665	12987492.63	7697483.887	6474732.246	13136087.79	0	5888476.664	0	0
"Abhd4"	4956152.808	5124381.651	13346955.495	10634977.04	0	0	0	0	5872301.474	8928660.839	2478597.457	6995790.373
"Abhd5"	0	0	0	0	1255271.658	4329562.498	5741534.257	2653240.816	14846810.4	39848291.07	8631368.485	6878478.347
"Acox1"	8926818.091	9756252.003	7242813.6915	6847157.919	4069287.242	6442151.649	19309447.05	11300059.55	5050705.486	6733985.157	0	0
"Ada"	12920739.4	9339090.307	3126247.8197	8926815.3065	45120667.47	77396730.67	80759778.55	87393915.86	65529105.97	69778380.1	162933066.7	211765679.6
"Adar"	0	0	56905.6854	174958.355385	0	0	0	0	751698.2747	247877.5652	421014.4069	152420.7703
"Akap2"	37991384.82	43426447.35	27091685.59	41663459.345	8889722.492	14506273.12	4538912.554	7276534.796	0	0	0	0
"Aktip"	1305612.656	0	0	0	1676583.066	19986783.66	14247710.93	14892914.82	17811009.58	17038249.57	12243970.13	16574442.13
"Alcam"	592417.1023	206170.6345	8167494.4635	8232448.2695	47860674.62	59530293.53	59215337.63	57916662.39	108276919	118749502.7	100111691	94773141.31
"Aldoc"	1950100	6163700	1912100	1960300	1338100000	1135100000	407130000	443410000	12538000	25627000	50533000	50943000
"Alpl"	802850000	935910000	283250000	191855000	292100000	519110000	69534000	55456000	4413700	1235200	4618900	11284000
"Amt"	0	0	0	0	30184803.79	21802279.33	70440556.85	73766163.36	17624847.34	24452743.72	55224775.8	41879894.22
"Ank2"	1668428.416	615967.7894	4409039.23	3943949.021	823343.8993	55050.07483	30237.66709	161549.9138	1469986.634	1665492.2	1488255.634	1778050.96
"Ano1"	18425000	19215000	18907500	16571500	224960000	224820000	89818000	91551000	93100000	76189000	136580000	143520000
"Ap1g2"	273067.1728	568408.678	307394.038965	878661.4011	6726905.856	8689882.27	17013703.35	15935902.29	6594114.505	8252709.845	6319801.247	6152641.384
"Arfip2"	0	0	133176.0911	235645.9692	8832050.52	6179762.17	5610809.615	2575068.185	8246242.268	14582856.44	7360628.773	7741096.141
"Arl6ip6"	0	0	1394466.33925	3080413.0695	2702343.816	0	0	0	2547493.638	1909937.593	4766583.958	2350184.209
"Armcx2"	2011045.284	3149467.336	5947799.069	6473307.9695	0	0	0	0	2222975.634	2102740.877	9851671.62	9036021.232
"Arsa"	6538872.415	2164931.65	19169323.605	333979.4301	0	0	0	0	10019499.59	0	29785418.31	10624475.99
"Atp1b1"	2730999.277	4220186.414	16719026.39	17677688.81	306297018.6	366447049.4	199259453.6	234178459.6	33400979.61	35976272.4	273962311.5	179597224.4
"Atp2b2"	5285995.243	5494434.629	14275563.7005	14917760.3615	7564914.914	10548519.78	4893136.583	8500142.191	0	0	0	0
"Atp9a"	691206.0579	0	1555043.377	377092.0997	0	0	0	0	4551046.053	2147272.511	993698.8036	1746900.873
"Avl9"	0	0	0	0	3336500.108	0	2011569.484	1833765.353	2298433.392	3199531.759	2195956.125	2553059.134
"B4galnt1"	0	0	0	0	14962698.81	23372805.57	36238400.63	29135762.5	7764702.625	11138377.91	29954086.08	21242462.38
"B4galt1"	0	4349704.956	0	0	1172530.033	6645748.465	8916725.55	5720693.719	10291544.67	14439735.33	11647901.5	7046209.585
"Basp1"	424875.4883	734810.7902	0	0	1113375068	803717483.1	102277219.6	182317090.4	447712723.6	442946174	38271208.49	63398414.26
"Bbx"	0	0	2859456.066	790962.9975	0	0	558890.9675	669281.1531	0	0	0	0
"Bcas3"	1615147.016	1687758.073	2563280.9924	752437.4945	0	0	0	0	439546.407	530231.8216	896919.5292	2904695.693
"Bcl2l14"	103036181.9	0	0	0	7978269.943	5645184.435	5330085.385	4485771.864	15423168.67	17834075.89	10167227.73	10171701.49
"Bdh1"	0	0	0	0	64041782.1	138298853	174554521.4	217875351.7	51192131.88	81237185.22	88008550.31	104477591.5
"Bet1l"	6646963.779	0	12626022.4155	10932789.675	0	4249403.057	0	0	13385809.19	14462525.32	28424613.28	16376259.68
"Cab39l"	1625737.786	1510643.901	1817540.682	1359389.6585	50325268.67	45256741.37	16851703.79	9025750.277	61716503.45	57603969.41	55788093.41	49762763.19
"Camk2d"	14042050.82	21360821.25	10847746.87	9066257.2715	1550104.901	7846779.146	5292510.488	3624330.041	3817169.71	10603269.03	0	0
"Capn5"	0	0	0	0	4847741.162	371006.2027	4474787.73	858602.9227	54175691.93	55315854.79	5252936.657	7224923.225
"Casp1"	4908112.202	11288928.66	14145404.64	11483179.765	7778654.302	7964772.755	7693478.904	6932472.361	4064293.868	0	0	0
"Cat"	164720000	173350000	174835000	193655000	229990000	220530000	194140000	213590000	61917000	54305000	35256000	28531000
"Cav2"	303922343.9	300156787.3	160920528.7	142053831.55	2397506.251	0	0	0	5826629.673	3185174.067	3874446.078	162504.6125
"Cbl"	4437641.811	6244522.278	3226349.4525	3030108.0415	0	0	0	0	7398335.351	6200699.477	1374625.958	5182695.566
"Cbr2"	416752258.5	328981966.7	396107357.3	385138420.5	1718271662	814237559.2	241784337	364665038.4	0	954535.7868	25334554.22	34353953.33
"Cbr3"	242692407.7	311696597.3	285555120	306636048.9	19134854.02	11313913.15	2991816.796	1682563.027	0	2267649.218	16974855.47	31025286.98
"Cbwd1"	336873.8324	0	1100842.65485	841362.2727	0	0	0	0	1402521.441	1197294.721	1744974.531	1984719.806
"Ccdc134"	0	0	1603358.4985	5922504.985	11871951.92	0	0	0	0	0	20998318.71	1649057.651
"Cdc42bpg"	2118481.549	420825.7074	234793.57675	40726880.475	0	0	0	0	718437.2891	3473923.194	2000432.515	771064.4934
"Cdh2"	8535068.785	10167083.85	10531435.125	10301933.8555	0	850180.0185	0	0	0	0	3690221.571	6340839.826
"Cdk19"	0	0	290110.39045	236728.85535	1735761.57	1676815.753	1478545.946	1660962.694	25454582.64	24847922.08	2292571.644	3368702.198
"Cdk6"	0	0	7165314.01	4870896.6615	29266760.16	42681840.47	42510633.43	44936919.86	0	692177.4644	0	0
"Celf2"	26677822.07	19484993.49	72372804.44	35854659.675	46292938.57	9230448.147	23113436.62	15865958.36	0	0	0	0
"Cenpv"	860625.6228	0	2832521.7225	3281504.3305	120969903	136788208.2	63635825.51	81811772.84	87387034.28	81351135.15	209180787	160922148.2
"Chmp2b"	14232029.58	1880818.607	4467509.814	7919693.868	29911744.66	9036650.108	1575145.681	8867862.134	1399244.986	1114111.271	0	0
"Ckb"	2514816550	2973813900	1436684120	1284488662.5	0	3029863.575	3068241.587	3051612.659	280439.7519	2082913.589	375670.6149	370621.1393
"Cldn3"	0	0	0	0	232523974	218880186.3	169447035.4	183458822.3	75472651.37	74500465.27	76575168.01	83281554.73
"Cldn7"	0	0	0	0	53190035.59	202753032.1	300141677	150472029.1	177156945.1	160979347.3	175807494.1	249575096.1
"Clic6"	0	825205.9684	0	0	617843363.5	783698036.9	9023975.256	13605123.58	1512183.407	1114430.331	2074286.073	57383.0529
"Clmn"	2581964.215	1824458.564	921580.7605	1331317.1191	13389784.05	13665211.41	19377696.87	20900892.96	0	23273134.03	0	0
"Cltb"	52912360.37	46357656.46	24753528.615	48001763.045	222792711.5	79536130.37	2426168.347	2774922.688	102056618.2	22999198.39	93638451.25	46584855.28
"Cog6"	1043725.842	0	2549626.916	1364135.306	0	1752211.9	0	0	4201160.342	2567747.758	6742944.47	3862011.749
"Coq7"	388637.5856	447155.4637	3195921.0695	5291408.588	10029508.97	737276.3298	4941811.449	5405843.161	0	0	400004.6254	146480.2889
"Coro2a"	0	0	4551014.168	3111700.2115	26691530.08	25957233.06	35327903.13	29946289.25	11902468.52	7936840.634	23037069.92	24549663.12
"Crabp2"	0	0	0	0	225539780.5	123197848.6	88199758.15	133706056.9	23314461.61	18615772.42	7733007.91	30117241.97
"Crbn"	0	4126821.074	1683743.235	2048751.9275	0	4708312.457	0	0	8225888.53	6650573.807	2778760.588	3133479.105
"Cryab"	36987991.25	16019398.66	18284710.5	12922618.71	0	0	5543609.799	4273882.89	2899017.577	0	0	0
"Cttnbp2nl"	5422583.421	3067666.152	5517912.708	4245762.458	1717000.525	0	803997.7954	1600070.329	139095.4561	163850.8856	177526.9228	108321.4324
"Cux1"	965583.429	571561.432	2875816.6025	4043225.4135	2149446.154	1026353.867	292814.1971	332449.6857	2235684.309	1425057.844	4934432.954	3380633.08
"Dhx32"	0	0	0	0	358531.3472	0	1353446.289	683218.5103	1957682.041	942365.9342	15372839.16	357362.3844
"Dmd"	3420927.892	3777218.392	3074846.343	3159262.5145	0	1339424.8	3068541.586	2091015.024	230861.0261	0	0	0
"Dnmt3a"	4614191.039	5350430.46	17563781.02	16512434.845	1489678.798	1751803.617	13041714.24	13906499.65	6794176.851	5807800.113	1395864.996	2857920.643
"Dock9"	7490840.7	5142153.932	4657305.3725	4489614.8475	5253328.13	9357696.157	6625631.832	6826425.015	25980.80122	0	0	0
"Ehbp1l1"	2827080.49	2763467.996	1952797.9865	983166.60495	0	0	0	0	1274888.614	601746.7987	79149.39846	108356.3764
"Elp5"	3977434.641	3698338.678	6584130.69	4217835.479	0	4019540.075	7009330.78	5029688.803	4019515.646	4150193.248	0	0
"Engase"	0	0	0	0	2617836.723	7874950.63	3890614.332	1197481.279	13033838.46	9380358.368	10885785.19	13072553.34
"Enpp1"	69949306.24	69640562.1	87352443.9	62041245.43	2770843.994	1531195.036	5007436.269	1062324.914	0	0	0	0
"Enpp3"	0	0	1228953.3705	688947.4995	54515313.96	119656679.3	57934341.14	59101594.91	0	736572.3577	0	0
"Epcam"	32440000	23331000	67786500	32103000	259470000	508460000	482620000	337550000	285040000	337500000	474360000	449180000
"Epdr1"	29525319.82	48697267.73	20922689.62	14146747.575	0	0	0	0	0	1136399.878	7523728.87	7784027.351
"Ephb3"	2466448.394	2548496.431	1827143.6837	2979011.2223	0	1139107.853	765747.9003	1624756.423	0	412083.9746	0	0
"Ephx1"	246680000	233510000	184910000	193155000	188900000	421650000	419250000	282130000	165500000	160380000	25558000	46877000
"Epn2"	6032589.936	8611522.33	3281700.3	3996651.041	0	0	0	0	13440416.78	14432442.53	9375963.004	6973326.368
"Eps8l1"	529647.683	0	345119.8033	597823.1735	23812639.41	6512512.314	3735214.758	7041399.75	80173868.29	69901446.03	126027575.9	54307980.21
"Erbb2"	0	0	0	0	1754428.458	0	1819645.01	1397027.206	1101435.056	2627548.682	46010275.34	27800953.45
"Esrp2"	709723.5279	0	0	0	2111123.718	0	2046969.387	2076203.368	5598767.1	6445008.13	8038083.694	8830350.786
"Fabp5"	271462179.8	287655326.5	457419192.7	510918793.6	826192188.6	643194459	1755220187	2167233340	9989713.633	4827830.701	14612524.15	16198045.24
"Fads1"	15114229.8	9982665.996	16328393.61	18536493.415	30347226.89	28322549.01	34273406.02	47383928.93	0	0	0	0
"Fads2"	4367873.749	1086811.513	15458346.075	15616024.095	10755705.02	31296205.71	116602180.3	91881642.04	0	0	0	0
"Fam101b"	595583415	768054694.3	381940980.7	354032435.05	0	0	48577366.8	38561736.07	0	0	0	0
"Fam129a"	258185503.2	279974292.6	150422785.35	158333071.85	0	0	0	0	328881.6471	0	1758402.451	332127.8187
"Fam134c"	6559398.856	1564204.2	1356705.086	860109.3125	2549807.336	18293772.7	16700954.21	11119028.19	42004156.93	22560263.25	32176243.02	34495226.96
"Fam173a"	0	0	0	0	358601.9659	0	1210871.68	1145331.905	1081677.038	1311199.073	731101.0973	2625393.23
"Fam210a"	0	0	185212.84465	354580.14795	0	0	0	0	5776489.978	384280.1913	428481.6403	2522308.407
"Fam210b"	0	0	0	0	11223671.88	4586916.495	6362532.554	15653040.8	6916795.709	8803771.714	36427325.87	26729670.01
"Fam63a"	3036275.493	3690061.177	2204743.2235	1691853.25	21717616.76	4509478.936	18657698.84	16086076.03	50497126.21	51860892.86	28645682.69	15829635.56
"Fbxw8"	0	0	727375.559	1181953.3985	0	0	1206821.691	1063559.218	0	0	0	0
"Fhod1"	0	0	0	0	4684611.871	778335.9282	1917819.741	653831.7726	740230.6812	827732.303	3377940.562	3087702.454
"Fkbp10"	46405041.89	40102056.94	94367858.865	97092907.99	353258.4812	1647691.609	245841.8259	226443.4835	0	1118395.788	1571410.482	3972784.253
"Flad1"	0	0	228093.36745	552024.419	3134765.905	3520074.624	4411412.904	2892593.07	8820118.378	6960061.821	12382998.23	10183682.29
"Fmo2"	9779102.118	2238211.878	6746841.87	3646697.368	927318.2254	0	0	0	71565726.65	69778380.1	56279358.76	54472716.25
"Fndc3a"	1283120.917	4212274.097	1113037.3819	1119105.272	824615.0367	2000039.307	98384.73023	181658.7946	3044819.838	5944084.231	7041142.539	5773249.298
"Fndc3b"	2622361.998	4643434.507	6103479.3765	6343568.4705	334638.6732	0	0	0	1865544.147	1105132.016	9095941.753	4246096.315
"Folr1"	0	0	0	0	349186133.8	247446343.8	14033961.52	42684313.78	115415620.1	126165364.2	39248826.55	3639568.179
"Fuca1"	1711228.228	0	0	0	1721684.901	8965200.691	1361771.266	3004914.798	26334757.68	23544334.86	26544704.54	34596065.38
"Gab1"	1835041.972	2254766.879	825906.1185	4498078.9195	19822915.95	4113036.741	4653737.239	7983277.097	0	645230.0926	0	0
"Gabpb2"	0	0	939210.57855	1015121.1245	1997968.955	0	4475087.729	3010469.169	0	0	0	0
"Galnt2"	9514332.868	7184748.989	4702160.0385	4075566.8555	856087.4555	0	1919844.736	2027036.897	0	0	0	0
"Galnt3"	2501277.833	1859394.487	1485780.8235	1544114.03825	19187582.68	19360750.67	10265971.85	16702199.8	23191346.32	21400252.95	25283790.13	16644829.34
"Gata3"	0	0	0	0	31907901.07	14519882.53	6636056.804	22700920.65	10249347.89	10679387.59	20071464.74	11817564.26
"Gca"	0	0	0	0	29391519.93	41486934.02	34835904.48	38860026.38	32963622.47	26345679.98	37624375.78	24241656.65
"Gdpd1"	0	0	0	0	711719.2097	325210.5286	5797409.103	4238910.924	41892956.02	39994146.99	49716053.65	52615691.83
"Ggt1"	298060000	331010000	278835000	292840000	66756000	45879000	12862000	14656000	76785000	125200000	289110000	228670000
"Gins3"	0	0	1870203.08	2424048.6005	0	3067425.554	18178450.15	11774238.27	2252910.521	3651502.767	0	0
"Gins4"	0	0	6004114.118	1952838.50065	0	3310625.761	24291683.39	16665170.66	0	0	0	0
"Gla"	0	1743752.931	431925.5119	1243296.4675	6146890.598	1637348.456	4261038.316	6367880.818	3071478.27	7248583.048	7114013.567	7486004.884
"Gltp"	14604344.27	8451206.615	12122582.66	13020538.0655	0	7878897.36	0	0	54458658.53	33107924.72	14668364.64	16580432.53
"Gmds"	6314500.948	3668150.145	6028402.1475	6621119.7705	105589141.3	75506383.23	28342422.28	35638491.1	40994909.41	24257205.63	68205643.96	67362063.15
"Got1"	114770000	98192000	128400000	136135000	104780000	52183000	28259000	24684000	373920000	426150000	1104500000	778430000
"Gpx8"	7012727.485	10653143.56	10996391.8735	19021281.915	2863825.336	0	3770089.662	5970023.269	0	0	0	0
"Grb7"	0	0	0	0	0	0	5094886.03	3571460.656	5187224.457	2275352.234	2722592.582	4392711.388
"Gstt1"	59945941.84	55587069.89	23461693.185	48708254.65	107886604.3	68878599.19	7055755.653	9194335.727	4343636.504	1159508.924	0	0
"Gstt2"	5156176.423	12331041.67	12122797.409	12169890.375	131247283.8	177725321.9	57379342.66	67080346.22	158779009.5	149101206.5	115864933.3	109399704.6
"H2afy2"	224404222.4	266730291.3	214871632.5	229874612.25	1997121.53	815802.6417	0	0	39053361.43	39219287.45	204677521.3	191593003.1
"H6pd"	322221.4475	0	812664.605	612730.4885	0	0	0	0	0	4483154.948	10379126.85	6479118.257
"Hip1"	1368829.726	4533270.71	3128778.603	4576949.7905	335627.3356	0	110782.1962	158957.8739	763165.8683	696461.9818	1496083.128	1343197.742
"Icam1"	68024406.5	91474905.08	71278957.49	83458950.435	0	0	30112417.43	21365814.4	587676.9368	3268904.477	1845520.173	5566580.452
"Ido1"	5426841.566	3339241.216	1984261.2	4553994.951	58644156.34	37248962.87	0	0	4291411792	3922931504	177461420.8	880189637.9
"Ighg;Igh-1a"	7641513.51	4631870.352	10846087.42	2225964.0175	164915945.5	195322292.7	207224431.8	187418883.2	264543979.4	365961600.3	65916347.42	97768341.99
"Impa2"	23536621.53	23907370.03	6578197.252	23300028.12	42834974.23	22428312.32	32194411.72	14863085.79	1565996.703	352848.2421	0	0
"Inf2"	13591124.22	8889305.519	16620857.435	19899087.495	0	0	714440.541	1370489.654	26814311.59	30183969.48	12209745.31	16231491.65
"Iqgap2"	48326000	13924000	28765000	12145400	186290000	199490000	123670000	98751000	235500000	346090000	318460000	246090000
"Isca2"	0	0	0	0	11878543	8556510.024	24789682.03	7211425.223	7398831.784	4444594.291	12820060.63	7175003.214
"Itga1"	14024581.5	7803370.448	2636945.776	2080544.362	0	0	0	0	0	0	2259984.376	1580816.996
"Itgb5"	3688208.355	3766141.148	2084543.424	2291586.802	0	0	0	0	4133149.073	5460936.521	10281856.31	3672565.306
"Itprip"	3349085.349	4029925.623	2560819.248	3367551.009	0	5541072.427	2286818.729	1282545.444	0	0	0	0
"Jmy"	1657400.913	2316969.864	4459737.255	6772177.564	0	1440148.064	2179869.023	3549654.606	1245499.803	2000732.899	0	0
"Jun"	16239908.55	24135001.31	39437483.445	40439752.195	5141750.52	9975563.498	0	0	9418816.119	12175778.09	25876583.66	28187334.34
"Kctd1"	19143089.73	9280904.345	13482154.479	4849777.01	3334616.942	9025490.39	8551476.552	8314482.192	5166870.72	0	0	0
"Kiaa1598"	0	0	490432.2564	481287.5771	22329410.45	14845147.5	15973456.2	18394225.83	9333926.14	10797895.52	14195931.13	6902439.952
"Klhdc7a"	0	0	0	0	18727148.49	27044625.14	14225960.99	6169774.913	0	0	169371.918	339116.6203
"Klhl22"	1220995.679	144527.599	1518752.856	2554993.946	0	0	0	0	0	0	2060694.398	694037.9161
"Krt18"	141960000	134520000	111320000	39510500	2619100000	2482100000	1661100000	1661700000	9803400000	1e+10	4349900000	4.89e+09
"Krt19"	673450000	593360000	550495000	419130000	5026100000	3459600000	2577600000	2916900000	2.49e+10	2.38e+10	1.1e+10	9633500000
"Krt23"	47976188.08	33912190.52	63706684.34	74406860.69	0	0	621628.2955	1544320.9	0	0	0	0
"Krt35"	328586827.9	4168695.49	4037725.936	7778672.408	5514382.076	3016798.538	2526368.073	3996678.626	0	92349582.55	0	0
"Lama5"	22434963.08	38698533.64	5831327.902	10396968.4195	0	133286.5063	255884.2984	461218.5238	8537648.216	103630625.8	2284547.643	4932995.669
"Lbh"	49718751.89	42246903.48	54889611.6	35666466.395	0	0	56871594.06	41207262.49	0	0	0	0
"Ldhd"	0	0	2585006.253	1817392.4255	79328385.53	66487425.36	23934684.37	24026769.62	15459408.25	10969732.01	234006062.8	158126627.6
"Leprel1"	0	2734618.471	1023739.774	1772404.82835	186412290.2	2494741.463	0	0	2943150.437	2180956.11	590550.08	1442937.925
"Lgals7"	1478122105	2010458877	1567732845	2185129797.5	0	23012156.13	40972387.65	19910363.44	306596786.7	292673562.3	337319166.4	274719805.8
"Lpcat3"	3539282.476	3170039.36	21437865.7005	17216698.9955	13129907.09	1725129.168	1298246.44	2656532.296	19459165.88	15304387.41	28537604.31	35976353.69
"Lpgat1"	0	0	475445.229	183417.29765	0	0	0	0	11212427.18	14350854.38	15526605.21	14950044.96
"Lrba"	476115.1621	1480577.096	872795.44155	530147.7513	7337522.568	10833228.69	6879206.137	6156917.573	10856484.99	10581846.45	10261386.92	9047003.635
"Lrch4"	0	0	0	0	0	482399.2466	385746.4423	889511.9696	785058.5469	734931.4787	1130909.216	744507.0474
"Lrrc20"	0	0	5863591.448	1669192.304	0	0	0	0	0	0	5235087.349	3259776.733
"Mafg;Mafk"	6562237.619	4628218.513	1920139.3245	6037930.663	4544080.577	3004958.349	2087019.277	3297856.447	0	0	0	0
"Mal2"	0	0	0	0	178665414.3	228747010.6	395196416.4	433683243	42056282.35	156065826.3	86759098.77	93245588.97
"Man1b1"	0	4512455.23	1064008.2255	262184.60975	0	0	0	0	305509.5993	427617.6292	7197364.921	3220090.324
"Map1b"	19596199.99	17088170.09	7464746.339	5898675.0225	2314034.9	253842.7678	846372.6792	198219.0493	3535791.7	8148331.707	31411506.63	25923461.83
"Map2"	20094075.36	24647475.99	20876435.645	26757655.4	23687879.63	17384663.93	12371966.08	14806513.49	84964.44309	439609.72	921400.9193	996203.744
"Map2k6"	22508115.82	10232330.03	25825316.43	34643753.29	2409511.437	0	7778978.67	7655466.34	0	0	0	0
"Map7d1"	7062733.389	6507454.657	8885690.6805	4217847.8785	0	0	0	0	10022478.19	9901793.254	3341914.437	7144052.807
"Mapk13"	1728697.54	735102.9373	0	0	35516518.72	20747549.83	13318463.48	12038585.2	5545648.809	6121390.324	14091619.12	9844725.414
"Marc2"	68250415.72	39441074.16	92917096.83	58937540.11	69580645.34	77291938.19	172687026.5	149453727.7	11297813.59	8463745.118	3723791.37	1270314.526
"Mcam"	47386598.82	55440996.34	2568387.6955	7777430.01	2517087.319	1407485.473	1361021.268	1669294.251	0	0	0	0
"Med19"	1854149.032	0	0	0	12261767.37	7152835.187	16823953.87	7272523.306	6891477.645	9611904.629	6957463.674	186161.7059
"Mltk"	9509637.991	19281707.81	19946247.37	24417928.92	0	993487.1354	0	0	3218521.612	3414167.85	1029397.419	2408490.782
"Mphosph6"	0	0	6324812.2005	7375685.1755	2678333.444	582605.3531	0	0	0	0	15888012.76	14050486.36
"Mst4"	63900557.19	38260313.01	31689747.755	37774833.005	21777878.09	24815403.32	17216952.79	25655023.24	14088261.35	0	0	0
"Myh10"	739380000	810590000	1105240000	917285000	1887900	3055100	38586000	24931000	30405000	4989800	335290000	254960000
"Naa40"	2844003.885	0	1976148.202	2973453.2705	0	2568776.669	28391172.15	23604020.26	10328777.11	6898984.657	14767436.49	19611076.41
"Nadk2"	1675743.69	2646730.889	3102578.379	5589288.592	0	2949023.663	2475743.211	2020453.939	0	0	0	0
"Naprt1"	26063120.68	13181920.07	17364100.045	12796417.3355	750747.8338	0	95849.73718	135269.5095	5561038.221	1519545.128	585015.157	1711158.145
"Ncor1"	346132.5674	0	71920.40505	48708.68022	0	0	0	0	611555.3458	644956.6127	375916.2476	334389.1952
"Ndrg2"	27175697.44	55600459.96	195270108.95	173553783.9	0	0	0	0	0	0	41125460.19	16551478.92
"Nes"	4393859.35	6067408.105	2168029.936	1346360.0953	0	0	99907.22605	482890.8572	0	0	0	0
"Nf1"	1593310.377	1255502.111	710912.5989	427927.12755	0	0	100424.7246	71887.96304	0	0	0	0
"Nfib"	139050000	131030000	161140000	176900000	174830000	204990000	205350000	158080000	34004000	12236000	26948000	24627000
"Nfic"	2971093.125	10511087.04	31879043.59	25315092.79	14820519.74	13948287.19	30891665.29	29681942.33	4991133.572	3361842.041	6964505.144	3211054.802
"Nfix"	72623202.71	90362311.59	95908676.135	72143846.675	50111058.49	34593766.43	60367334.47	53172817.99	590854.1055	797512.7811	2848192.757	2195631.854
"Npepl1"	48230584.93	46944385.2	47178803.65	50247616.86	17903733.97	46126382.85	51896857.7	51345018.44	4479063.323	1716131.55	2937111.786	6027342.155
"Nptn"	65813446.78	68420848	58959414.035	74099257.77	48340882.06	71080602.18	36138650.91	58309582.72	5883719.424	10477924.11	3513693.555	2266967.55
"Nr2f6"	0	0	0	0	0	3233324.296	19203697.34	1859685.751	0	2082913.589	2434383.576	2413981.983
"Nr3c1"	3275714.241	0	6118377.491	2572741.67885	0	1559638.708	752172.9375	3171237.356	0	0	0	0
"Nradd"	60785560.62	41202477.64	41702173.385	45123489.505	14545577.44	0	0	0	0	0	18191556	23943134.98
"Nrbp1"	6929420.707	17408314.6	14352319.984	17499637.9185	0	0	0	0	16434401.92	27206685.66	12138020.57	23211806.82
"Nsun5"	0	0	404389.26685	295689.37955	0	0	368428.9898	486274.9092	0	0	0	0
"Nudt16"	9517280.814	10824293.07	4734537.634	7916373.031	0	3220803.636	0	0	2495070.353	2305981.975	4679138.725	7225422.425
"Nudt7"	0	0	7452673.579	4243339.1045	0	4013279.745	3929764.224	4782210.71	6695883.192	3153769.466	0	0
"Oplah"	7385042.183	7095400.671	1898501.949	543588.28695	15066508.36	18789155.33	13734712.34	14886743.3	37775047.43	40748039.73	38325247.68	39299528.84
"Ormdl1"	0	0	0	0	31510082.16	18080104.92	16775954	22576461.59	73983353.51	72604338.4	52657095.56	53369484
"Osbpl3"	3406515.71	2524759.48	249005.53965	325379.93445	2057453.475	2903432.13	5459835.029	5077929.545	29501004.94	29951055.82	73596462.43	59764237.44
"Osbpl5"	628578.5767	705876.0557	869855.5064	585707.4205	0	675925.0968	0	0	2614462.399	1926938.923	2043991.376	1633033.327
"P2rx4"	0	0	3307861.019	580052.405	15926409.22	17249930.74	4359363.047	17035462.07	1807362.243	3957298.804	0	0
"P2rx7"	17880931.98	18556209.2	8833710.5275	7742639.885	0	0	9075725.114	1505748.878	0	1267123.239	0	0
"Pald1"	4020780.37	1447710.549	1427018.588	1185722.1375	23840886.9	25731316.81	33283408.74	26019143.12	1100640.764	0	11955269.86	7566875.302
"Palld"	539343150.8	653496517.4	186754355	188445574.95	31375906.55	30216979.27	8624226.352	19525671.8	0	487888.027	124062.5145	199774.8929
"Palm2"	40552822.6	54962605.48	23573205.03	28712783.42	11375972.96	30270055.98	12923214.56	15127432.71	2959632	2539579.335	0	0
"Pc"	5174500	3159700	38404500	20200500	134480000	338910000	369220000	394570000	305250000	336600000	519430000	438300000
"Pcbd1"	37957538.03	2948737.941	7653543.996	14205093.191	10110955.92	0	3931789.219	6320668.663	0	0	0	0
"Pdk3"	2817690.735	10157223.88	14668491.225	19014229.48	0	4698921.962	0	0	0	5288188.425	715118.5978	3175961.034
"Pdk4"	17012925.57	23652958.61	13416751.8	10979984.6605	1482499.226	2856751.844	0	0	22481447.68	19192359.08	5817891.812	805359.5411
"Pdlim3"	1432592713	1391350506	1219053868	1006580660.25	168891780.6	186408127.3	135914627.3	165674548.7	4717301.338	1072451.176	0	0
"Pdp1"	1227655.854	1084705.619	1117218.86805	2693964.693	0	0	1030947.173	111941.1506	0	0	0	0
"Pgr"	0	1729023.849	543436.022	2059863.33	153967.6867	0	0	0	70389181.33	97258545.6	54088315.29	82083474.46
"Phactr4"	332954.1557	0	1622630.023	983368.7495	4206287.6	7745661.209	5656109.491	7845343.547	4858784.635	7216677.067	7825038.286	5574068.454
"Phip"	2612863.06	2590249.119	5132980.963	3478564.9525	3638277.528	1981802.694	10248721.9	5387328.591	2237372.18	853621.7274	420555.8926	921273.8072
"Pir"	26856882.51	11404205.04	4579109.254	8359749.8255	521354.624	0	0	0	48169850.08	39361041.17	5408340.263	10392847.14
"Pkn1"	0	0	214932.2758	326781.33375	4092120.635	5982833.967	5932033.734	3978986.925	3439583.058	3272322.975	3285910.186	3027598.761
"Plac8"	0	0	35658985.78	16665823.02	28023870.32	0	230166868.9	165335114.9	118999863.6	215260536.7	1704527017	1203671311
"Plekha6"	0	0	0	0	3695478.708	1402586.085	6400257.45	4328192.297	526168.935	1645664.912	3956814.902	4758674.99
"Pml"	5979090.17	766618.3044	8702668.401	7951334.689	6436192.039	5499699.812	5295810.479	3603244.002	790370.3759	685021.4087	762754.9615	335028.1713
"Pnpo"	0	5479949.003	226139.62785	77462.79235	52945223.96	60797329.86	27584174.36	26055143.68	20775705.19	4836035.096	18461751.94	18009143.25
"Pola1"	4993711.828	579230.2931	11506051.127	6272351.872	1603445.59	3246797.615	24081683.97	18900290.75	2223918.856	5472787.314	354054.9394	1132086.015
"Ppap2b"	47204262.89	55960774.7	46963858.82	45117467.84	19706395.02	25263153.01	7514979.394	3565906.285	0	0	0	0
"Ppap2c"	0	0	0	0	7746405.078	8971324.927	5217360.694	8559594.534	9266907.737	3651457.187	3445407.671	8853813.191
"Prim1"	2566678.568	1684349.69	12557658.1435	13375159.945	1482546.305	6087762.54	27944923.37	20680775.29	9188471.382	8680249.988	1798194.945	2943583.382
"Psat1"	76770000	66991000	181030000	178135000	152770000	94550000	304180000	312470000	40136000	41024000	16498000	17988000
"Ptdss2"	4080285.212	1415696.097	0	0	0	0	4479362.717	3239946.985	3726967.902	3488599.945	4410416.578	4916372.306
"Pter"	9288323.653	8592532.769	10865234.6995	13159935.91	37281987.24	16167982.42	9629973.594	7710804.334	1236315.799	784431.329	756041.0017	1094246.646
"Ptprg"	306280.701	0	675023.46355	308857.17625	3760918.741	2113677.904	751047.9406	1076313.7	0	0	0	0
"Pvrl1"	23082419.43	24289595.81	18723531.065	12851720.59	0	0	0	0	0	0	406292.8219	293025.4739
"Pvrl2"	0	307496.9829	0	0	11334543.3	4369165.89	10382221.53	3288599.162	4105497.776	4144176.692	6143109.475	5984910.146
"Pyroxd2"	0	0	0	0	2748245.997	3296744.16	8557476.535	4839297.303	13650904.21	10366253.18	20043626.37	14219715.2
"Rab21"	43538983	43952312.11	28535418.285	21981432.67	1547986.339	10237000.32	31127164.65	28328321.51	16344547.61	31432404.93	3478813.715	4572623.108
"Rab33b"	3640932.031	0	951958.282	2137198.1125	0	0	0	0	8030790.51	2420615.607	833529.9232	1344295.982
"Rab3ip"	1585885.919	929685.0707	0	0	9013776.08	11115351.82	4557437.503	6772115.608	40538191.4	51765174.92	24733572.94	34296046.11
"Rab4b"	0	0	760380.176	931389.576	0	1918927.207	0	0	8158373.694	3779764.81	8012046.631	6281934.213
"Rars2"	3032126.532	6193639.993	2206960.90465	1465450.1045	5472717.019	3716458.451	11183969.33	9939855.768	11603119.65	7193887.08	8946597.086	10275035.91
"Rbm47"	0	0	0	0	36790010.01	36998549.68	48272867.63	53358992.28	37396765.77	36425235.13	50841051.31	40219554.64
"Rbms2"	0	4184885.307	6256773.099	1442422.566	0	0	0	0	11184130.52	11198999.28	21297990.57	8195368.243
"Rbp1"	1010300000	1041700000	1078400000	1349950000	226590000	247200000	475480000	729180000	13391000	6516000	43217000	31462000
"Rilpl1"	3632306.559	2976735.371	2359227.2695	308594.993	0	0	0	0	0	0	7403205.104	2168175.848
"Rin2"	0	0	1166176.1435	714246.587	846036.0547	6453583.556	0	0	1018381.879	876320.5538	1395209.976	1709460.864
"Rnf14"	1717124.121	0	606471.8315	3772631.0805	0	0	0	0	2830509.875	918664.3484	1197573.925	2317636.361
"Rps19bp1"	16214796.41	68657000.23	8447780.6	9436601.675	3106518.409	0	0	0	19111166.61	0	44235169.87	15568553.9
"Rreb1"	0	0	0	0	0	0	1290821.461	1543909.465	212195.1595	861142.4229	822410.9508	355874.768
"Rtn4ip1"	0	1234199.719	2668823.2845	283825.2606	0	0	0	0	3933334.943	3873294.914	953791.6815	3511573.27
"Rybp"	7458085.741	0	25564113.355	6163872.343	5861590.885	5148032.585	2610967.841	17462325.78	4554967.871	5831957.498	0	0
"Scin"	0	0	399401.7361	415705.4538	15912756.27	8443960.18	13689712.46	17707129.54	51470134.15	40445844.51	3564785.151	1725884.548
"Scoc"	30350744.78	18343185.29	28489490.09	14637089.495	0	6567222.153	0	0	13941317.3	20552465.46	16269398.43	13295695.79
"Selh"	7070267.029	8107325.147	36786360.505	44521050.595	39619467.56	36006423.48	44814627.12	38466077.46	0	0	0	0
"Sestd1"	0	478147.4007	1458926.6045	1199349.9801	1966214.061	0	2655367.719	1859171.458	0	0	0	0
"Sgk223"	186102.7573	65511.54992	129507.88585	31373.05254	6577664.917	1628502.337	0	0	11861761.05	16001760.99	21656614.28	28300153.56
"Sh3bp4"	0	0	0	0	5779202.354	4632780.216	2379818.474	3684605.254	2090527.41	1138131.917	3287547.738	1949675.958
"Sh3d19"	2327894.918	0	399740.0217	1000510.6337	0	0	0	0	11902468.52	6241721.452	3034382.326	3163980.232
"Sh3kbp1"	1006985.697	0	2123200.31	1635211.56575	1189855.164	0	4691612.135	4494823.432	0	0	0	0
"Sigirr"	0	0	0	0	9234106.551	7361331.391	3234366.131	3513756.911	4961794.404	718750.5884	3409381.545	5948468.538
"Sipa1l1"	0	694263.209	69335.62755	106420.85085	0	0	0	0	0	0	2036294.885	2242556.664
"Sirt5"	0	0	234552.1592	405250.00755	17416700.05	13080006.66	2409518.393	6692502.955	6033145.643	11683058.58	8582896.97	4848580.93
"Slc12a4"	2746284.925	1747039.586	2815406.5765	2116555.1755	0	0	0	0	0	0	1247715.742	5466241.229
"Slc1a5"	12168467.18	4009353.599	6356835.6045	3461740.4245	0	0	2684017.64	1906795.048	0	0	0	0
"Slc25a10"	10918101.22	1659273.732	31901184.325	14821663.79	93953526.76	109915061.6	175732018.1	135248937.8	186117553.9	156147870.2	190447201.6	154128034.7
"Slc25a35"	0	0	0	0	0	425988.2305	247109.3224	346973.3377	27778383.74	37721985.35	41949148.43	59529613.39
"Slc35e1"	0	0	4097494.063	1407198.8645	2252384.739	0	0	0	2135504.206	2133233.879	7304624.523	8599221.134
"Slc44a3"	0	0	0	0	0	0	3819064.528	3633175.891	3367550.685	2409721.993	8032188.51	2738861.416
"Slc9a3r1"	35671000	32356000	15780500	23205500	639740000	286360000	191950000	238630000	143250000	166210000	227580000	119930000
"Smg9"	1665808.019	1966515.086	1696581.77145	849123.7922	781090.3527	0	1900719.788	2091632.177	0	1618544.828	0	0
"Smpdl3a"	0	0	900423.677	3084411.137	4201344.288	27020128.2	17771201.27	11316516.95	0	0	0	0
"Smpdl3b"	13704674.74	16595171.88	10720925.81	9165531.253	17672339.89	39912324.96	30833165.45	34362014.33	0	0	0	0
"Smyd3"	0	16752200.94	17251038.615	9212646.2915	0	0	3389240.707	2755996.683	0	0	0	0
"Sntb1"	19744689.13	23190392.39	36321081.78	32050899.35	8482252.357	8998815.941	13352213.39	17019004.67	541806.5626	534607.499	0	0
"Snx18"	23223265.75	24539138.11	4246270.998	10577967.824	18366051.32	8328280.171	9107975.026	25741424.57	506361.2734	0	515009.8443	350109.0067
"Soat1"	12181569.16	16937227.43	28461389	22894851.465	0	0	0	0	222218134.1	190337407.7	82928866.57	182452649
"Sorbs1"	99456064.92	119964115.3	36350277.38	44518096.08	0	0	0	0	395368.868	0	118514.4911	52231.30775
"Sox10"	30878099.61	34352845.71	34020523.37	44190189.615	28240434.46	33567616.7	30725165.75	36697935.97	2200040.447	1481212.371	720047.6269	875796.677
"Sphk1"	2686015.801	0	1013201.218	4776768.5385	0	0	0	0	3024863.246	6619579.425	15487140.23	6091738.97
"Sqrdl"	1422329.492	2600595.995	548211.5295	1041103.8466	15605800.14	6496725.395	8174227.586	5488541.576	143131453.3	251961530.7	124701159.5	88148755.82
"Srp14"	42495191.65	0	51974829.028	60558874.195	74166155.58	9399068.771	7844978.489	11666236.61	15215163.4	9936889.833	51024457.04	101871766.9
"Stag1"	4431200.003	4881290.928	7710775.512	4786809.3695	2865943.899	3809002.458	4756036.959	4328089.439	0	44819.24289	833055.0334	459533.6713
"Stard10"	16887364.9	8903547.69	18117124.645	7809868.0585	62563496.46	98217771.33	87179760.95	57577228.6	127434253.8	172274064.6	151326104	128184604.8
"Stard5"	57243657.74	53953480.75	62244949.63	46495806.29	14783798	31112478.63	48074118.18	49609791.75	0	0	2836238.634	3722585.157
"Sts"	4846860.429	3854028.73	1959916.235	2400555.03945	1756711.797	0	2519018.093	5222137.478	0	0	0	0
"Surf2"	5257280.063	9428316.897	21016375.4435	14855937.975	3542236.04	23008073.3	29048170.35	7167401.689	0	0	0	0
"Syn2"	0	0	13440012.625	10664829.67	0	0	0	0	0	1971060.336	23037069.92	19434858.77
"Tacstd2"	0	0	0	0	16102720.68	31742594.45	34571905.2	43139977.93	46306242.02	49645706.19	47394006.09	54233100.2
"Tarsl2"	0	0	1173362.78025	2085824.089	0	0	6685556.668	7697329.841	0	0	0	0
"Tbc1d4"	458667.6874	0	1947549.68985	2679874.1625	16226303.48	26399538.98	19991945.18	25020384.9	432060.2031	529137.9023	78058.78938	151931.5542
"Tbl1x"	5334690.948	16167906.76	8678281.4235	6957291.197	9262118.652	5373540.555	6986005.844	10698336.01	4183834.843	2075894.274	1007028.47	1267019.805
"Tcf25"	1872382.625	366595.9042	2000668.741	2340412.0925	0	353028.1684	4739237.005	3714125.708	1122384.513	377812.3931	446805.8379	262060.0909
"Tfrc"	0	0	150075.32135	269934.9937	0	0	9398224.23	7982042.792	4084895.822	4553530.426	1718937.468	2857321.603
"Tgfbi"	3299079.445	5927786.143	290171.54955	685976.96895	0	3484962.339	0	0	3133482.704	3498809.859	471696.6158	2575622.979
"Tgm1"	443927.9559	2058419.691	0	0	12521408.94	28375625.72	3019566.72	2693972.872	14661641.03	16020904.58	31953536.06	23492357.28
"Tjp3"	0	0	0	0	11724123.35	20135126.26	41049637.44	29702514.07	5172827.911	2622626.045	7935736.746	4157787.815
"Tln2"	19556894.04	14401634.16	18333334.13	16701439.65	1767398.766	3126218.217	7952978.193	4961699.186	0	0	0	0
"Tns3"	21800608.71	40697306.63	64717123.285	40138839.06	397418.7338	436426.6501	2248643.834	1644916.733	0	0	0	0
"Tpk1"	0	0	6153623.2825	2950199.268	88391123.94	70802970.16	137032124.3	58104893.86	53128219.1	51929262.82	89307128.39	53943564.13
"Tppp3"	432965963.1	477587452.1	166055581.65	72677249.115	55965352.11	100022379.5	9439474.117	15049260.08	48226443.4	30313416.6	92657558.1	89656340.16
"Trim29"	174791378.2	189725188.1	116071157.995	126076497.95	606261.89	0	0	0	0	0	16310992.23	3127838.143
"Trip6"	21635742.09	12796042.45	20178486.315	3279542.0015	3672880.711	6864043.447	21636690.67	9832162.682	7091539.991	2872996.835	187204.8502	233361.0765
"Trps1"	8962200	1898000	20809000	21608000	283750000	138990000	118100000	178460000	131960000	136490000	148090000	112130000
"Ubr7"	0	0	6545474.7825	6610763.707	0	2960319.475	15477707.56	11324745.64	0	2441627.974	0	0
"Ugt1a6"	170784354.9	166913369.6	272121549.25	268524690.45	0	0	0	0	0	0	2409165.288	1387027.512
"Uqcc"	0	0	2871553.907	3096024.171	0	0	21254941.72	22264799.66	14335981.23	11322976.8	20053451.68	23807352.55
"Urm1"	4793033.114	0	4949060.7875	8658082.274	12732323.58	7912104.327	40228389.69	55745314.71	52060888.97	34979438.4	43840520.04	50229515.3
"Vgll4"	0	788285.8801	6289981.497	6365326.9335	0	21753285.44	23869434.55	38690309.48	0	0	0	0
"Vps37b"	0	0	0	0	0	0	1071672.061	5801643.536	6169168.181	11836207.29	11470390.96	14059471.96
"Vps54"	0	0	2451818.91645	5503255.093	0	0	0	0	9728093.642	0	5018111.819	9650037.37
"Wasl"	7034454.941	15477709.27	13156064.212	10409422.9515	3091923.869	1521940.635	884622.5743	1479417.044	15764714.31	4181050.889	11713239.79	14871171.34
"Wdr91"	944183.5226	0	1636478.8177	1413494.20005	0	0	0	0	0	0	476298.1346	643219.3447
"Wfs1"	1188895.819	5324502.406	2089712.3105	444648.642	693240.6392	0	0	0	10767623.55	12618359.62	6062378.202	10618485.59
"Wrnip1"	3343735.372	4127307.985	4255761.439	4108661.8525	3141827.78	1304829.672	3960664.14	3927557.563	0	0	0	0
"Yipf2"	0	0	255299.0338	871823.05375	0	473199.2835	0	0	8097808.914	7320143.605	7050149.071	10708341.61
"Zbtb7a"	5208693.54	0	818484.374	1048279.0165	1949289.103	7819015.944	6753506.482	4747547.32	7526414.967	9712180.568	8807896.501	5836148.512
"Zdhhc20"	0	5395591.531	3998042.141	1948101.4295	0	0	0	0	9642707.231	7617325.026	916881.278	4139816.611
"Zdhhc5"	1528455.558	3028104.567	2610918.278	1815208.6355	2499903.425	0	0	0	4231293.802	2494910.962	1723031.346	2436845.348
"Zfp36l1"	115275618.2	41548185.03	122250243.5	76832867.925	2382676.316	8648237.467	16583204.53	34769334.88	15997541.21	3508655.133	0	0
"Zfp91"	0	0	11236453.706	11325203.5815	0	0	0	0	19866737.06	0	16657170.55	26787577.22
